077980589310580661257985
077980589310580779934367
0779531202077011153XRAHR8V0A
077980589310580792005559
077980589310580885084801
077980589310580323953758
0779531202077011153XRAHXPC6P
077980589313310363021927
077980589313310504651482
077980589314921512994183
077980589310580706875207
077953479573935001202501000000055
077980589313310612414521
077980589310580447014975
0779531202077011153XRAC705VE
07795312001427000000056995
077980589310580434635539
077980589313310483709671
0779530615800710572806021469
0404884600512020009989421245
0779538100203505348110
077980589318291916926201
077980589313620899237855
077980589313620323051685
0779808468645888150830
0779221991182868783723
077953680005280000605952
0779530615800710638251708629
0779221991181177863300
07795312020763111842CK13A24N
077980589314921824442860
077980589309690565315961
0779531202077011153XRD9F463R
0779808468612080453648
0779808468612080147938
077980589309690577754491
077980589309690547024566
077980589313620509781294
077980589313620635899175
0404884600512020008948680560
0779530615796310212276861152
0779221991182847373618
0779808468645843097736
07798015781177136D3XE810GNGE
07798015781177136D3XE80XR7V2
0779530615800710741048220987
077953090001985400000995323769
077953680005280000568309
07798015781177136D3XE83ECEFT
07798015781177136D3XE7WXP56G
07798015781177136D3XE7X146R9
0779221991181179253523
077980589309690314993825
077980589314921323622789
077980589310580549694980
077980589310580666995132
07795327065513000001NSUU
0779530615800710536405849508
077980589310580483595788
077980589309690918991821
07798015781177136D3XE7R2DPT5
077980589309690615991093
077980589310580861373372
0779221991182806061618
0779808468645814679255
0779530615800710551465073755
07795327064882000001PYTN
0404884600512020009620851707
0779538100203504832839
077953479006725001202502000002448
07795312002844111D42FWC69G9C
07795312002844111D42FVW9DX3C
077980589309690739996086
077980589314921022122784
077962852856160369553307
077980589309690791312688
077980589310580515305746
077953120207631118485NCFMWPK
077980589309690943556705
07798015781177136D3XE7X2WNN6
077980589310580532355600
07795312020770111546W09WAX78
077980589310580529752634
077953120207631118485EV79HRX
077980589309690332726438
077953120207631118485G19K8W8
0779530615800710600043681529
07795327064882000001PYT8
0404884600512020009145942970
07795327064226000001Q0SG
077980589310580676876653
077980589310580726511661
077980589314921977443986
077980589309690860723908
0779221991181138293035
0404884600900500107189418286
077980169222723020854370
07795327063892000001QCJQ
0779808468647238122173
0779221991182805652033
0779808468645891352358
07795312002844111D42FX4VAXE6
077980589310580385390656
077980589310580496605116
077953680005280000619613
07795327064226000001QSGY
07795327064226000001QSGZ
077980589310580754365620
077980589309690749029248
077980169222725753744850
077980589310580540699027
07795312020770111546W054WMDG
077953120207631118485GC5DPNM
077980589310580883179345
077953120207631118485GATFDM2
077980589309690532656189
